$ANSIBLE_VAULT;1.1;AES256
37313665316635343365323962626336613066646435633333326662326330666435646633616164
3938383131643638326335396162373463393534386633660a646365373436393238643838613066
35393137303563343066663466663133396637313561383863373637343965333164393338336432
3737373565616431640a653433326336653363643237316139643161643033626336613563353531
63353434623538303935396263636538663130303432393162633135646362663964356137636261
35656134376636656564663730333931663463636363343364616361636433343931623334376435
65363666316539646265303830326164306236356437343834333665616531393838343532653430
35643730356462616437393839326338303337613832643430623663643739613735376462346262
62613565393834393062653431626233616461633537376632633264613362636365663664326639
61373966613538336336363833373639663230623533313262376265323634666538623930373134
31346330353530343535346365396538646366383064393130313933383066653034303830656565
39396466653834353264363839326665336131323561656132613138343662363964363264623332
33393165626235633162653538323164363034323763336561666231353165663430346664663363
33666136353639396630666634623334333961393563653864633338343234653536653765336531
63366239373034653631396566653263386534366461326435636634643263326538666138356161
33313266326431303033313033623465323336373163663730303739613964363239383265666636
32333565623835323731646132313232393337633936313930653231356638653932626262363261
38613239316439303633646233323034663439653132393763656336653432643661363263646265
61303463306664646436646136303566333061623034643839303162643538343333323637343963
35663834363366616439363161633036343961393036343634346631646664306635313862386162
32323337663734326364623663616234616238633362373337363965643430323338656531636233
31373037646362373339613662333565613032346361643432343939626133643731393664366339
37323337663035363931386336653666353363316565326464653464336636656134626530363762
33633638383034643465653539346532623339373864643133653331363065353336613736396139
66383835613435316333346261633636666137646465626536326133636161343231616166396364
36623539393430356230663261313264363064373832373537636364396430653162636363613761
38326164356335653334326465616663643162623365353264386466363632623137653335313164
65356163343861343362396136646538323563633763376438363762353931366261353963323766
30663962633232316530666162303332633431323336376337623039353036333162663033353562
34373764613063636236386366663438383536343833613439623831393264656334383433343633
63323666336537316666633736643133373261656665323630643833316139393663316362326566
65333632306630623063653831376637366465623731313465396165363065623037306363633038
66313431646265343035336532393733373564336236336264383964643937363338643836323131
38353465623761363137643631363637353261356232343663613365656364626163366230303232
66373036303830636162363766316439393535636132303536363534623263316536383839623539
38373466323136643235313864613831333362636338333639303865666435326165316335306562
34373663616463393765636335653466306462646466616534333964663838663766366230663935
30343261656332636336386631383230663539376633616633353434636566353961323835616161
39633061626365333435333066363064333131343664366366393439663461643235633962303337
31616238666331373661333437653634333436376236613936323938376437663734313439623165
31316532323933303239343733626165303931613733383339376466343161363366616532623730
37383437623437313134343631323531393361373166353933393539363032636332623463366632
34393537636362316663303164373862373661313562306639643239666365393137393263363261
37363536643235336564366365636663356564663237313437313430656539643439356436616264
61656563336338343731613530643963623262323862383831393965343430306237363233386634
66633037333938643935316533323338306230393537366463376638333465343565616363623663
36333265386537383136316139643265626261663338666564646135613737376332323766333861
63323830383037333331386135306161356563343364323364383336343534316431316431653861
62343561646664363331313434343861623730303335643331613163393936366137646461613537
61373135633739303631353337386434663663303730653534393836393034356235663461656335
38343631336430316232653637373464646536346364333563623535326266346533363462373635
64333666366531313664623965373234646330363836336162303039666565613633326365396132
65666561316165363963333861663532623936396534303662656630653134353365303533366262
32633566323433326630353839656537383863323363643265336331663663303265393563623834
30383230313633343262653363393363393831353161363134303065663564363137666564326163
32653836363464373434366333333462336266353030666636613662633930633739343136373831
61343738343335653163376664666136323261343862363137623530316664383739656361353238
64313430376133333731613734343435373263363136316163613464663036623537313961373764
62343862626262316266626338386230633863343638396235326532366261306161323735643431
30316265343835396234623761343331663063306339633266663763633561633838306335363861
32356132383332316365366264366438643731646432373962646537643236383637666336613533
35303061336165313635656631616165326436356161656533373039623663396535333565396564
32343931383538326561633939313934636635336133333231373038393434333764633135623235
38386462656135656630616437346438386639666164656461383032663736616136313434623434
39346630333761346665616465363364353536343537323066613931343465333235396263383161
31386564393162376366623036383735656166313365333437326636343565653838386531656331
65353336323333663661393966393261326536396666613061663438643766386365373937633963
35343662653064666239666661343064356661656533616466393430646432616164353331623733
38343531376230303930313730393563656465653032666562353164356537346663343764633966
38333032393130356137653665333465316236656635383666646132396139393039353631343731
37646533386631366637653062633435313139313038623565353330383139326531346638383839
31356135303037383138323965396339383162376337653765646236616266646534343938376231
65393036346663666136613731643438666566373166346336316238376132646664323235653039
65376137653036343835393866633066313234333333313737376138373837613831303566623466
31313036333037326238316338353864626233303762393363643631663431343634323537343363
34346632356438633230373532313563376132356534616563623432646366346565313065643365
64386561383335346663343336383538656230633530653834663332303164626430313937393134
34363464323935383162666239363066313663333636623738336661383139616535623238633164
36333466353166396433626565383534626633376339623637663566656534646362373431303231
34633234363936316566353966323436333233323464373730323866386232623765343937646162
61373434653564323065633839396432353433643234383265363539663438383736363363383361
30613531363738643532626333353837663239656231396539373135376234333630616463366431
64613734643733636335666639656132363066643736303363323532336138653930323537393939
34343264353532653632653938366331646436613734383434313137646532396136356366303465
32313265613833316364306539396464636166643330653935333364336132356632313765313864
37616361356634316131653938343338386536306461323632643236356461666430316531363761
32643864343935386630653863313632376262626438303132633437636166656637386239333233
36613432393433343765663733323266613434326366373362333466396138363339386264353731
32323366613333356136633161376463643364383864333438333764613961323764383432303231
61653661333533316231383061663134356164373861633231313236633431323234373433326164
64633338356135643731333831623161383463633333313237656533636230386662616266623564
36653833343533303264636438343064616463656438333564353663366237383033316238373532
33383166306536373037666532663130393335376466646634643331386265656331343435653737
30653037356161653432643933366331323962323837663365393366616163353063616437313866
64343435656335383533303464353537643761356536383436646433383363313232363662323639
66666661636138663763336533613066393832666332356332663439303934623264316162396463
39393634363535353061396139366332326139323265363761313162653032663335616334356134
38303465653262373335646661313530666636396137636533616462376632663834636336646637
63373366326436656238313663666566616333306162343237353162646263663364643338646463
35346530333933373237633437616335303631323037353735633339636462313231343034636463
34646235656263343735303464396164343135386336343931623531326162343537306631373732
37323532373936346532613935383832656265393861383834363438376564653866316231326266
64346336326464363139313630323930373031313733626165363163666131633235353131636639
32343731613864363336396366333131353439373332636666333963653565633462376466663862
35663236616665363266386131633034303038633834313936626563306332333233633134363361
39383561646265613865353766613939343835333833653637396264643235383833616635666333
31383062366438656630656335343438313264363837393232353734376565616533343435383337
36623564383061613535663165343534376336646461303062396466383963356532333333313462
37313234346666373063343338373766353638346235646637653739353439336437393161653366
37343566343630366166663135323532633063383539353131333732363031636235346636343631
34346238323037323164666539633934376339343839363261303630343035656232363262623539
33663963376264326661383964356239613864313538303537643038366230643961616238313636
36396434393038363135383764356332343337623639626634396633636661316238623436343466
61353865323763346234636437613365323161633932323863303261333938323738316439666165
61303666656432613664636131383232613966313936343135393530346463303761623739646661
34616262343730633338353661343830323232363762393535633866626361343332626430303766
65383837323739383537366532373466303639333537373666326362383238623866633732666461
62376536373233356337643365666637653435336131653930656636366135336438663530363866
34323664613030646262333661633235313063666561336232623938303063353631633939383165
35656132613034333665303836663266653233343061383462323434623139396662346439653135
62643734303263623862393236636263336538666339643332343965663531636263396166373634
34383433323136313062616331366135363532373163633264333865373639336664353865316265
37653130326263396439383031353839363834346339643839613137323438373366363961326630
62633564376561623230313437383231633265663137656136613036303535363133316334333835
38343039626232393864386631373962643030306133363533346465303962313436353632376639
62623866353564653939303039626332373965616566316163646666396633353536343630383431
62356431393032623062326261376337303531643062613033383432373839333264663933633563
32626337633433373039656537613232653837363837346265643730363532336163346266633236
32396534613562643431363863303464303566666561363365376234303065303034393161616531
38646665343665663833343434313037373466623937393766616331383230313762303365343434
63386665643531313632616463366363633138386331616235353335396137666339353465623636
35396465333232666462663966313638613539363339626666373836326437383964356433666336
38346131313637333466353963666634653232373438656263653735356662636163366438663735
64383430383038656163316161386235653761396365396365333636336534363533346633313761
35636161626338336164373735323834373263313162313561653035343364383636373938303066
66363662643235636139363238386364646364333339313233323934323537313832663337323664
3134
